[/usr/share/plasma/desktoptheme/default/dialogs/background.svgz]
10083740005284535370=119,16,32,32
10543074925669056338=6,10,32,6
10589985486673444261=20,10,4,4
10922194411322823516=113,48,6,6
11359205486696810532=47,29,10,2
11646054686936719216=40,30,4,4
11972599835037138219=38,48,6,6
12116307060909401550=0,30,4,4
12714320766438380305=44,30,1.000000082740371e-08,4
13207471822808173274=20,50,4,4
13340069019384456353=151,16,6,32
13345396499244717579=119,47.9999785,32.00000800000001,6.000021500000003
14846632796941021017=6,48,32,6
15549814759249406903=0,10,6,6
16426048153713683547=76,54,2,10
16884290180461056762=113,16,6,32
16954651698506731759=63,48,32,16
1763394775833146167=38,16,6,32
2076624569518309930=101,33,10,2
2095122841899280106=63,0,32,16
2109631635265840460=151,10,6,6
2487025039465066575=47,0,16,16
3090483512836951615=119,10,31.999989999999997,6.000021
3371397712101296292=38,10,6,6
359575053092798390=0,16,6,32
5284591719733096495=76,0,2,10
532953820994091817=0,0,5,5
5555895986573964006=95,0,16,16
5881509868273231337=95,48,16,16
6058296825973243155=151,48,6,6
7252627891979049605=95,16,16,32
8191653623935011035=20,54,4,1.000000082740371e-08
9240292336921865936=0,48,6,6
9352313920434349215=20,10,4,1.000000082740371e-08
9468914666227350900=47,16,16,32
9502842158209301752=6,16,32,32
9529344867769586136=0,30,9.9999999e-09,4
9543018824207847355=113,10,6,6
9613405241688418677=47,48,16,16
Invalidelements=72166722,717863276,654552567,3907397178,3384634070,3957688197,554824408,1311210280,368156645,3181974661,2272424306,212882604,2455148592,4004937525,2108312729
LastModified=1728234676
NaturalSize=157,64

[/usr/share/plasma/desktoptheme/default/solid/widgets/panel-background.svgz]
10308874986211260475=38,16,6,32
10558220547464157290=101,33,10,2
10803530792866244393=47,29,10,2
11295400503242852918=38,10,6,6
11349006035663194029=38,48,6,6
11438587211530885500=0,30,9.9999999e-09,4
11634763205880078017=76,0,2,10
12230463169683681336=6,10,32,6
12331504472375890122=76,54,2,10
12651338473786349074=63,16,32,32
14287945994822922827=63,0,32,16
14672644367541258122=95,0,16,16
14849681672319214898=6,16,32,32
16196515462746418325=0,0,5,5
16260553260572240521=80,54,2,10
16628644122482148668=63,48,32,16
16900146674974908040=44,30,1.000000082740371e-08,4
17562770833060743130=95,48,16,16
17906236561272255957=0,16,6,32
2357663697561606533=20,10,4,4
2496155778801442063=20,10,4,9.99999905104687e-09
2740841982825221473=95,16,16,32
2868860717561843281=20,50,4,4
4503911804936646156=20,54,4,1.000000082740371e-08
5051381364357008080=80,0,2,10
5262093776208160488=47,16,16,32
5474178394155745304=101,29,10,2
5770715407864435946=0,10,6,6
6792520857913005730=47,33,10,2
7012207339330483262=0,30,4,4
7243591190878970815=6,48,32,6
735058513385690589=40,30,4,4
754016172766743375=47,48,16,16
8485274342606231802=47,0,16,16
92427215152514550=0,48,6,6
Invalidelements=3826784018,329574197,2374107196,2205842037,3823834667
LastModified=1728234676
NaturalSize=157,64

[/usr/share/plasma/desktoptheme/default/solid/widgets/tooltip.svgz]
11512241192848577301=101,33,10,2
11909686710538887428=101,29,10,2
13276197903627485154=80,54,2,10
13292773430276348115=20,50,4,4
13464113343984148582=63,16,32,32
13686995391591906772=47,29,10,2
1467064377029042494=0,0,5,5
15002592503863869484=95,16,16,32
15647067450958189274=0,30,9.9999999e-09,4
15712680278082979567=40,30,4,4
15839251127963805081=20,10,4,9.99999905104687e-09
15990731309594972181=80,0,2,10
16733581721510515432=6,48,32,6
16919383635282138080=47,33,10,2
3379159882088088548=20,54,4,1.000000082740371e-08
4247514800599769541=44,30,1.000000082740371e-08,4
4557805196739808534=47,16,16,32
4726600713352038755=20,10,4,4
5318493698703198476=63,48,32,16
5650219578643265507=0,16,6,32
5650778930211270018=38,16,6,32
6238969060992252766=76,54,2,10
6604817332730034541=63,0,32,16
7821437427119032228=0,30,4,4
8900700266685738920=76,0,2,10
9471417883229104830=6,10,32,6
Invalidelements=1972029820,3727988833,2378185427,3808755542,3026835443,3081706400,1616802225,349036350
LastModified=1728234676
NaturalSize=157,64

[/usr/share/plasma/desktoptheme/default/widgets/arrows.svgz]
4323687727187268313=15.000004000000002,30.000002999999992,13.999992999999998,13.999995000000013
LastModified=1728234676
NaturalSize=44,44

[/usr/share/plasma/desktoptheme/default/widgets/background.svgz]
12580339515117456022=1,49,8,4
14092526127489203352=43,44,14,4
15725322942774539100=5,8.625,5,4.375
16836869300148352943=13.00001200692786,63.00000000000003,32.00045319307214,11.999799999999993
17343629962102772082=49,49,8,4
18061360909512343481=34,19,4,8
2040463957944169510=1,44.062355,14,4
2661555145128841336=34,67,4,8
386660173912952861=1.00000399999999,30.999396500000046,12.000001999999995,32.000591269239976
4384432576955690616=45.000465000000005,30.999396500000046,11.999541999999991,32.000591269239976
4391683677596576656=13.00001199313462,19,32.00045120686538,11.999400000000009
6181747681492197748=28,19,4,14
7474618038249132364=28,61,4,14
Invalidelements=3206243973,2973811721,3645530090,2642319464
LastModified=1728234676
NaturalSize=148,148

[/usr/share/plasma/desktoptheme/default/widgets/busywidget.svgz]
11678768081182098284=58.472801,281.12497,4.233333600000002,4.23333359999998
3314149646364056579=-3.600000010317572e-07,0,35.983334,35.98333400000001
8828143251541813929=51.329166,279.53748,5.820833700000001,5.82083369999998
Invalidelements=1677968092
LastModified=1728234676
NaturalSize=136,136
busywidget=6x6,4x4,6x6,4x4,

[/usr/share/plasma/desktoptheme/default/widgets/button.svgz]
10103714231274238988=-12,76,3.9999999000000006,4
10152318298651959013=190,136,2,2
10189033902441333137=58,91,18,5
1043100454258912044=171,40,3,2
10578510652654849267=182,21,18,8
10969396595581450972=190,134,2,0.0010000000000047748
11045314647310239302=238,108,5,18
11205763539454500295=174,108,5,18
11446816415509895118=171,21,8,8
11496462098949650945=238,184,5,18
11861815988999582870=190,58,2,3
12092211761631668264=182,167,18,7
12330112458818560184=244,184,18,18
12336576094151169150=203,100,5,5.000000000000014
12640991599240367599=203,184,5,18
12777722834004807390=238,116,4,2
12865060138926059390=174,192,6,2
12973348548712441244=202,192,6,2
13348806889674671149=182,108,18,18
13458783258178369077=50,70,5,18
13613795730850963895=50,91,5,5
13687477393913251681=252,128,2,4
13688815729090102258=203,129,5,5
13838158341587209086=79,70,5,18
13852827622283750891=-12,192,3.9999999000000006,4
14131918912295054375=202.99999999800002,204.99999999800002,5,5
14358081090878214183=263,165,7,7
14495531031141464323=172,154,2,2
14497608935782343023=174,205,5,5
14547780732910932255=263,138,7,7
14978160312279253204=263,102,5,5
15008795770775453362=263,178,5,5
15191557039059724383=171,53,8,8
15560234992334052467=171,32,8,18
15647866685626550965=244,102,18,5
15949192514332480251=79,91,5,5
16021392865590707708=174,176,5,5
16122011459219023550=264,192,4,2
16141404662071000848=202,78,6,2
16251320059683022200=182,176,18,5
16251937738753025373=238,102,5,5
16327082248164867940=174,184,5,18
16955751672774303389=203,31.999998912499997,8,18.000001718478302
16969787094851425280=244,138,18,7
16980062509818245043=203,91,5,5
17197731165651838620=58,70,18,18
17287223387557788794=182,205,18,5
17475302931484600280=208,154,2,2
17588448658358285556=203,21,8,8
17614803930796273093=190,90,2,6
17749568565413576700=244,203,18,5
17866280208071791689=182,91,18,5
1790459456056968225=182,100,18,5
17952517372065454812=263,203,5,5
18273733896038924331=190,204,2,6
18319312196300431648=203,146,7,18
18339072561786207536=244,178,18,5
2022038009630039872=79,62,5,5
2205480613405301129=182,53,18,7.999999999999993
2293858597738809200=238,192,4,2
2402316961873523545=244,165,18,7
2450687655661379021=208,116,0.0010000000000047748,2
2587185882442706768=252,170,2,2
2596677635774857413=174,62,5,5
2810444430285372830=203,167.00000000051,7,7
2988531587909053465=263,184,5,18
3116945816515939065=174,78,6,2
3232282761578595784=236,165,7,7
3383087679808641412=182,129,18,5
3440218858072808403=190,100,2,0.0010000000000047748
3446722974790349862=182,62,18,5
3521798661903021146=236,146,7,18
3581767888261578627=174.00000000000003,100,4.999999999999972,5
3786232243079351421=172,167,7,7
3825443479779608778=182,184,18,18
4214823852762826756=268,154,2,2
437004787039697402=244,127,18,5
4430542675663950996=244,108,18,18
4430838274880874782=238,127,5.000000000000028,5
4810971556904566126=182,136,18,7
4909076571378538909=203.000000001,176,5,5
5016961944866481195=50,62,5,5
5098366542832366083=174,116,0.0010000000000047748,2
5332994436373078081=174,129,5.000000000000028,5
5385714902440612530=190,176,2,6
5386983051948041361=252,204,2,4
5482240373337488802=203,108,5,18
5515866089129911715=203,53,8,8
5537051763996874364=263,145.99999618000004,7,18.00000001800001
5612167211208788245=236,138,7,7
5733161988195351022=252,138,2,2
5822568359333916996=182,70,18,18
5858199179915877234=238,178,5,5
6223579891732129010=58,62,18,5
6284413760388110583=262.99999999999994,127,5.000000000000057,5
646687041586331481=182,32,18,18
6484330528350285029=203,136,7,7
6714709477199104715=244,146,18,18
699188071062238701=252,178,2,4
7432362876776308069=264,116,4,2
7626458343841587960=236,154,2,2
7741180680805033372=263,108,5,18
7906827930483431935=252,102,2,4
8168826000349062712=174,70,5,18
8186876370692628782=174,91,5,5
8191093207530572779=208,40,3,2
8285530920247829682=190,62,2,6
8390321781604619846=238,203,5,5
8822140557307726075=203,70,5,18
8857453229894141365=182,146,18,18
9180511093175223742=203,62,5,5
9272738158027868812=190,172,2,2
9452318317602440986=172,146,7,18
9639593675311091091=172,136,7,7
9825435414190023878=190,21,2,3
Invalidelements=4294856096,2630208177,2239247426,833572610,1825466039,693372243,148841976,3382647480,768472551,901784358,4137674805,2360321384,2558153677,3511083606,2567349099,463073263,2068033067,3763839133,1584380506,2956303465,645612427,2271737573,483202114,2065849609,3840170460,3286628544,42472058,2996274915,2127941055,3058000753,2555948403,3112836779,456947052,3151709206,3758257302,1906915195,2062896325,2181547609,997802858,997443503,183582423,3138902155,1901740010,1256137339,2259040888,3994047954,256340557,1998213734,3508728037,3287224184,3585670496,1154449968,3731695100,1516599705,1431031901,2753123583,3685671539,1420675520,137195020,3169944193,2627534426,2911686576,424192696,1959497757,1417783801,1059871527,1040374730,4022737868,4076143183,1054514311,4210845995,3178900976,1454967457,3808925824,3293586982,3667060542,3679853834,206889885,3724230088,2126637549,1947197652,2904683228,1519715642,2984817760,2599712351,1494855255,4170322930,661385072,2890056000,1090260327,4080349418,3243856610,2162851825,338029039,2537867428,1578521670,3480508150,2897276375,568346713,805274107,1799821150
LastModified=1728234676
NaturalSize=288,224

[/usr/share/plasma/desktoptheme/default/widgets/line.svgz]
14081668160634705607=0,0,1,1
4339961359183825117=2,0,1,1
LastModified=1728234676
NaturalSize=3,1

[/usr/share/plasma/desktoptheme/default/widgets/lineedit.svgz]
10072757711441513953=75,145.0009994506,7.000000000000028,7
10235572967062525639=40,110,2,0.0010000000474974513
11030664862828599405=4.999994476540735,80,70.00000400000945,5
11135531356231828904=-0.0010000000475,54,0.0010000000475,2
11800967055249397965=40,24,2,6
12150623272463780481=80,134.00100708,2,2
12153767269562094477=40,150.00100708,2,2
12294640197268577168=8,88,64,14
1239732339779037767=75,118.000000451,7,7
13560527540493948342=40,70,2,0.0010000000474974513
13821006235797224337=75,25,5,5
13872538563586748465=8,8,64,14
14226841331423124571=40,0,2,6
14555101580871679072=40,39.9990005493,2,0.0010000000474974513
15306407367959659642=40,118,2,2
15577196827595039972=80,94,0.0010000000474974513,2
15666034206091010132=-2,125.0000000393233,7,20.001001535676707
1573918442403002511=0,25.000000000100002,5,5
16062543343170270595=-9.999894245993346e-10,105.0000000001,5,5
16315935308625557030=75.0000000011,44.999999999844995,5,20.00000000005
16491704562208467149=4.999994476540735,65.0000000001,69.9999969523904,5
16501496943809569872=0,40,5,5
16672628335945255244=0,14,6,1.9999999000000006
17950282404688941840=-9.999894245993346e-10,80,5,5
18104834922807551238=75,105,5,5
18351325679876730413=4.999994477540739,40,69.9999969523904,5
265061082447076061=4.9999990000000025,145,70.0000039880952,7.0000009999999975
3171233169627505801=4,-4,2.0329318046600005,2.07712602615
3296863359422996052=75,80,5,5
3751506365171780049=0,44.999999999844995,5,20.00000000005
3839923345611231198=75.00000000040001,124.999999450845,7,20.00100000005
3990272419490790634=4.999995559359405,118.001,70.0000048406406,7
4476729837702173855=0,5.000000000044999,5,20.00000000005
4713875027561264171=4.999994476540735,25.000000000100002,70.00000400000945,5
4720265369039280911=8,128,64,13.999991999999992
485401195325432797=-5.000018177270249e-10,84.99999999984499,5,20.000000000050008
5101618247669945955=4.999994477540739,0,69.9999969523904,5
5684289839724257709=75.00000000099999,0,5,5
5945722789309867944=40,79.9990005493,2,0.0010000000474974513
6015859159002752846=75.00000000099999,40,5,5
628068428282460358=0,-4,2.03293180466,2.07712602615
6442096923373844669=4.999994476540735,105.0000000001,70.00000400000947,5
6566030776633413894=8,48,64,14
6619591804308102771=75.0000000011,5.000000000044999,5,20.00000000005
7060733536875935078=-2.000000001000018,118.000000451,7.000000000000028,7
7579881202933480781=74,14,6,2
7603683327894617187=75.00000000040001,84.99999999984499,5,20.000000000050008
8041413022033556909=80,54,0.0010000000474974513,2
8159813922291097433=0,65.0000000001,5,5
8656156651291182668=-0.0010000000475,94,0.0010000000475,2
9433027118602654260=-2.000000001000018,145.00099945099998,7.000000000000028,7
9558069703860623647=-2.00099992752,134.00100708,2,2
9843379588494815497=75,65,5,5
9989785537859688454=0,0,5,5
Invalidelements=1217324698,3369135250,1478599405,2913510892,3937849225,2146188642,305877314,2730175534,2759452490,3355361011,2498846036,2313707782,2622378230,3590322609,1470067083,4447779,3249503923,2504430945,3239284009,3254157075,1793847929,1072730833,570376761,1694504256,1977315730,92500932,3798033016,4214146737,74792050,900097787,3579068941,1415132343,2886080262,1843799220,2245010071,2510925130,3640163775,3762139014,3835119150,2553596871,3515879370,1431279992,532043873,3728326298,1632976997,935718672,660067440
LastModified=1728234676
NaturalSize=80,30

[/usr/share/plasma/desktoptheme/default/widgets/listitem.svgz]
10545573883883504685=38,58,6,2
10663124055038975646=24,53.000345,10.999999000000003,11.000000000000007
11392460569142267447=-10,-10,2.0329318,2.077126
12402375050824130557=71.00000000000001,5.383812922222221,2.000036926144631,2.0003447777777783
1361072174027376598=59.9997,7.3841577,10.999998999999995,11.000005300000002
14128482878902370560=57.999623,5.383812922222221,2.000036926144645,2.0003447777777783
15072361769638258057=23.999959999999998,51.00000022222222,11.00126257523478,2.0003447777777836
15568037357215642690=29,67,2,6
15991645219895497295=22.000002222222214,53.00033500000001,2.000297777777785,11
17203978541906617583=59.99965999999999,5.383812922222221,11.001528480661094,2.0003447777777783
17546498018631212185=28,44,2,6
18343789053456387980=24,64,11,2
2052308560204439362=17,58,6,2
243201387646086422=34.999964,51.000345222222215,2.000036069150859,1.9999997777777807
2644972634488643726=71.00000000000001,18.38379822222222,2.000036926144631,2.0003447777777765
5031904391637099640=57.99970222222221,7.3841427,2.0002977777777886,11.0000053
567333356604000938=21.999964000000002,64.00000022222221,2.0000360691508554,1.9999997777777878
5791244672362388201=60,18.384143,11,2
6367805431037800012=35,53.000345,2.000296888888883,11.000000000000007
7343813538414705751=70.9997,7.3841577,2.000296888888883,11.000005300000002
767909600224160442=58,18.38379822222222,2.000036926144645,2.0003447777777765
8014921104430135699=34.999964,64.00000022222221,2.000036069150859,1.9999997777777878
835113981705754516=21.999924000000004,51.00000022222222,2.0000360691508483,2.0003447777777836
Invalidelements=1450761324,1875989658,1631824729,1632939583,2004608487,2308468213,3295919947,3079669900,3624051013,4070050566,2236940583,1427640547,815639212,3412093810,1327162040,3750763919,2852143699,650043286,2806457529,1179568269,3288847521,975529001,3747151647,3941982408,4207284732,1770510902,1362690592,3696580271,2812756106,1756790232,2268726957,3838727189,1536313531,1717193853,2538102565
LastModified=1728234676
NaturalSize=128,300

[/usr/share/plasma/desktoptheme/default/widgets/margins-highlight.svgz]
12841971390858239652=10.029290000000003,1,4,4
1603288398681383089=1,5.012520000000109,4,4
17124899934956683327=1,1.0125199999999381,4,4
Invalidelements=131675776,3193649227,982190547,3955517832
LastModified=1728234676
NaturalSize=15,10

[/usr/share/plasma/desktoptheme/default/widgets/pager.svgz]
10067705736081227442=-13,14,10,7
12801418398241805200=1.1607215,1.2080072,1.0000000000000002,0.9941440799999999
13573277863690291532=-14,26,1,7
14574577895135193360=-14,14,1,7
15115689267718156535=-3,14,1,7
15503429900801214256=-3,1.9999998,1,6.999999999999999
16632253848368573435=-13,33,10,1
17554488389632303285=-13,26,10,7
18108021787715968721=-14,1.9999998,1,6.999999999999999
6515310800286686031=-3,26,1,7
6522994346144111504=-13,1.9999998,10,6.999999999999999
7208499689719464360=-13,21,10,1
8233239687231210332=-13,9,10,1
9091285417999757030=-13,0.99999982,10,1
9209282258422201520=-13,13,10,1
9620542444908213811=-13,25,10,1
Invalidelements=3921401749,334667206,437980276,4036565522,460762059,3258364490,3849642868,3100869064,543462371,565855649,1743218509,2737744219,3951574412,314216278,2009802280,385565961,3313549472,830046854,1146820027,3304751051,3477470519,1509051444,3316675347,1609584122,637205526,1429827610,2657166043,549785373,1303136143,956978027,2425221571,1465907789,1205725853,1031512967,3866149913,2516064815,1828081296,193369564
LastModified=1728234676
NaturalSize=50,50

[/usr/share/plasma/desktoptheme/default/widgets/panel-background.svgz]
10339148716868082398=20,50,4,4
10634270748735912567=38,69,4,8
1125546175602473524=6,16,32,32
11327300701373892675=63,48,32,16
11521248994379288578=151,10,6,6
11792226644947873019=0,10,6,6
1236913187124968093=47,29,10,2
12371061851673807092=119,10,31.999989999999997,6.000021
124134541999707088=0,30,4,4
13127797128902692232=76,0,2,10
13228134441977182374=12,95,8,4
13394192357247475270=119,16,32,32
14290290168556981417=47,0,16,16
14379849393118067908=0,48,6,6
14639787350225942058=113,10,6,6
14849136246952381458=20,10,4,9.99999905104687e-09
16962628032624209477=113,16,6,32
17588898138667620804=95,16,16,32
17902559580790026108=38,48,6,6
17923864629389843478=101,33,10,2
1919769053560088471=95,48,16,16
2791835854713298773=20,10,4,4
3365399157075933500=47,48,16,16
4094837656441246225=20,54,4,1.000000082740371e-08
413219539457779073=76,54,2,10
4524162020371006344=95,0,16,16
4772215833433696600=38,10,6,6
4901706985501362281=113,48,6,6
5040007217418602594=44,30,1.000000082740371e-08,4
5480952122382299419=0,16,6,32
5661999150120963842=63,0,32,16
5754436211004447776=6,48,32,6
6147654760956356455=38,16,6,32
6379007854689589599=48,95,8,4
6676638351690135542=19,75,32,32
6833415318089112302=151,16,6,32
7257438398945063080=151,48,6,6
7413550130532035405=40,30,4,4
7681165204441507137=6,10,32,6
8601823346422271067=0,30,9.9999999e-09,4
8897708006395152769=119,47.9999785,32.00000800000001,6.000021500000003
9105812629285872023=47,16,16,32
9839783357823826734=0,0,5,5
9940263430134055709=39,105,4,8
Invalidelements=1281635999,3293178920,236734952,3326303430,4133051095,1582185206,3236913087,1547847816,1150736579,3623821218,1715277863,227883430,2504657172,3609143830,3317333795,340570856,3272840998,1756431811,157694696,1599478817,2899546819,60171432,3289826509,1110813436,1333404444,2131318997,3340878264,1805871673,3721406034,1219331457,382575509,562959754,3702697030
LastModified=1728234676
NaturalSize=157,64

[/usr/share/plasma/desktoptheme/default/widgets/plasmoidheading.svgz]
12094990338023584110=61,6,6,6
12900613324894538390=51,44,6,6
12937036203450459829=51,12,6,32
16308692613438334436=67,44,32,6
16897334401405220322=19,6,32,6
17539385715949209199=19,44,32,6
17797805033663920926=99,44,6,6
17901382784951935657=19,12,32,32
183884589674459737=67,6,32,6
3802081067462185963=61,12,6,32
5464572453517564095=13,6,6,6
5679195480020169554=67,12,32,32
6337018441908073688=99,6,6,6
7787694796063128950=61,44,6,6
8417385684738291524=-7,-7,5,5
8980199541468580656=13,44,6,6
9355501545456963418=99,12,6,32
9708797763091476991=13,12,6,32
9825572644181727168=51,6,6,6
Invalidelements=809501942,32603607,2536330042,534707736,4039531283,2704306347,3377365963,3863474976,2123739149,2572612564,2903876615,3334541126,3230896250,1325098215,3094745492,607085111,695187795,474733855,3145427551,849961290,2840088480,132787113,1320866041,4075263240,3438741209,904502329
LastModified=1728234676
NaturalSize=173,56

[/usr/share/plasma/desktoptheme/default/widgets/radiobutton.svgz]
10794419280296973171=2,22,16,16
13647716456677063002=39,-2,22,22
16860904339832321650=27,7,6,6
17555670819667270186=2,-18,16,16
2323892583084054693=22,22,16,16
6455804588168383206=40,20,20,20
9803082503221201767=2,2,16,16
LastModified=1728234676
NaturalSize=60,40

[/usr/share/plasma/desktoptheme/default/widgets/scrollbar.svgz]
10014974226299075433=39,14,3,3
11192417560898785572=35,39,3,3
11506411915961213311=6,10,3,3
11559303727756414402=35,0,3,6
11613468890363419034=35,42,3,6
11820242389697703=25,10,6,3
13100044873797944583=10,10,3,3
13448102086815255715=6,14,3,3
13645893165775693248=31,6,3,3
13924861554886109209=35,17,3,6
14535136810168737733=35,10,3,3
15031582198341346750=42,35,6,3
15404403616163967367=14,6,3,3
15986885826691672107=35,14,3,3
16490656695333374613=39,10,3,3
1679572254946564816=31,35,3,3
16894273964117430156=31,10,3,3
17873396508823425774=14,10,3,3
17926447257820002064=10,17,3,6
18326775297699221513=31,14,3,3
2933516869135238148=-32.8756103516,46.7764358521,2,2
3236485221623161411=39,39,3,3
3260616108839646990=31,31,3,3
3392909323050419166=35,31,3,3
3586466722622452580=39,31,3,3
4845155480463030735=17,10,6,3
5718239050681193786=10,6,3,3
6058648272472403040=0,10,6,3
6568559238901602908=39,35,3,3
6767969761459494701=46,-2,2,2
7011445157016517918=42,10,6,3
7429243086956407847=52,4,6,6
7580160703262661127=35,25,3,6
7704281862187153118=10,14,3,3
7704761630459077717=31,39,3,3
7969162396277329717=10,0,3,6
8109008109294908833=35,6,3,3
812462135932687925=39,6,3,3
8688994903045889916=35,35,3,3
9109600461589122805=14,14,3,3
9112018499559260716=25,35,6,3
9800770594725144371=6,6,3,3
Invalidelements=2483027552,2902017642,1618584555,1602064578,3650447716,3648034463,4255557254,4175985179,4043370235,4238099037,1613862224,1679316503,2343256298,446858946,2939693300,634034866,2772377018,3578551156,2921620508,152927529,1869677784,4226791871,830920611,2868931930,1907691496,3598935318,3410015521,2714216675,2278148947,2295258655,2372153991
LastModified=1728234676
NaturalSize=48,48

[/usr/share/plasma/desktoptheme/default/widgets/slider.svgz]
11429259419864232994=42,6,20,20
1161114968424162223=15,7,3,3
11745943998228327003=11,36,3,3
11998159088070626965=7,32,3,3
12242141121168819384=7,40,3,3
12605367083132539203=15,15,3,3
13066109487882140846=7,11,3,3
14285027096466781048=66,98,24,24
14554198879392117870=11,40,3,3
15527100800883918996=15,36,3,3
15799048355958945254=2.2599621,4.6594176,2.0329318,2.077126
16085072830086611554=7,36,3,3
1618300677402475962=11,36,3,3
17070493058307524755=11,32,3,3
18289701158669804593=15,40,3,3
1854084710240987052=11,32,3,3
2395515512355043950=2.2599621,4.6594176,2.0329318,2.077126
2462460273011396184=15,11,3,3
2542816969331974612=15,36,3,3
2846374362338032244=11,15,3,3
3454167151756016074=15,40,3,3
3525217381489711408=7,32,3,3
5703634361832203937=15,32,3,3
5959988681059375693=11,11,3,3
6094439787827433149=7,15,3,3
6498116968710354607=7,36,3,3
6803807070016718941=95,97,26,26
734598281618516403=11,7,3,3
8335232525778007386=7,40,3,3
852643393029264930=40,100.000001,20,19.999999000000003
8689399402194659632=11,40,3,3
9011449204152888235=7,7,3,3
9181700881105341902=6.999999999967999,99.99999999956,19.999999999920007,19.999999999919993
9281120217503174441=15,32,3,3
Invalidelements=2935081625,4162218910,1837049671,869220964,1737712958,3890197981,930105963,714364128,3942256421,2340854147,643244298,3862993263,2232820,4099579306,4065712686,255363201,252661805,303451905,3052461528,3813489852,3247044958,626155815,2019892789,3479488404,3025305718,2139493057,2465356160,1786830684,2649064282,3124887341,3633812641,4211023039,1297334733,1035860610,3788516698,2043406926,3827854280,3944701894,3815461673,2685113152,2365073787,1399377796,2708480170,2342041596,3170938929,4086575596,3816138473,2569730676,2104459807,3360291936,2623616129,1848369233,1713473904,3574974020,443005752,1078020363,2631615072,3158170871,776061737,1362722105,749328294,503572592,1336917551,413394477,3640632967,2304833253
LastModified=1728234676
NaturalSize=128,128

[/usr/share/plasma/desktoptheme/default/widgets/switch.svgz]
10158663113757615425=38,0.009999900000002171,5,15.990000199999995
10720522516532429703=52,8,26,26
12171034591708642077=43.00000015,0.009999900000002171,7.999999949999996,15.990000199999995
13510899597836835164=7,18,38,16
15949475108452065731=70.3846155,33.384614699999986,28.000000599999993,28.000000600000007
17873551880134821533=19.000000149999998,-9.999999761589606e-08,7.999999949999999,16.000000199999995
2858747220650464472=29.999999900000002,0.009999900000002171,7.999999949999999,15.990000199999995
3949845529831735268=1,36,22,22
8585078330576618941=5.999999900000002,-9.999999761589606e-08,8.000000049999999,16.000000199999995
8854809412094315880=14,-9.999999761589606e-08,5,16.000000199999995
9787208383758554269=0,7.0100002,4,4
Invalidelements=1534697956,641914274,681124079,3412554762,2220761668,1327959672,550334896,3323469365,3943682073,4054862237,1065024927,526185799,169679153,3368874570,3167534534,87211904,1150597683,4279125553,2951685692,294371257,2462428342,1562548500,1600985878,336232961,3871218920,220493807,2146678238,2021256570,767608960,1838285925,1208006644,1739183065,2696737613,4135513098,3591262458,2278967569,1782371844,3266579461,1812040300,2833062916,2894493080,4009855477,2466512511,3869694133,310586340,3993639366,4149799701,1992534895,1664696834,2338981647,2579535368
LastModified=1728234676
NaturalSize=51,59

[/usr/share/plasma/desktoptheme/default/widgets/tabbar.svgz]
11006573633272260424=356,431.36216,10.000009999999975,3.0000051999999755
14009121598862911298=320.241241455,431.3621521,5,10
14195061225216956043=266,446.36215,10,4
14252422385884650140=356,446.36215,10,4
14403164076900499663=273,218.36218,6,5
14646333038245956042=313.758758545,220.362182617,5,10
15042990373178091519=266,437.36215,6,5
15240022967329303599=273,214.36218,10,12
15465896487595921711=283,214.362182617,80,20
16245505242179399324=276,434.36215,80,12
16663372256042066910=266.00001,431.36216,10,3.0000051999999755
18433066318417698877=363,214.36218,10,12
2348852601594953877=283,227.36217000000002,80,3
2552360838924572951=313.758758545,210.362182617,5,10
2932356633813746598=266,434.36215,10,12
3420655879622183041=320.241241455,446.3621521,5,10
3609982274488880385=360,437.36215,6,5
3934505837594375157=283,210.36218,80,4
5515153729863333153=273,227.36217000000002,10,3.0000051999999755
6227021526222051578=276.00001,431.36216,80,3
6316234306201602299=363,210.36218,10,4
7032011397638990765=276,446.36215,80,4
7385504407774731276=356,434.36215,10,12
7447002726201128740=273,210.36218,10,4
8366372122275600035=367,218.36218,6,5
9295912571600098588=363,227.36218,10,3.000005200000004
9780256597312230029=-233.82362,467.12659,41.362885000000006,41.12067000000002
Invalidelements=263308593,3520646320,223319201,1326394387,2100235694,3383592817,66826847,1853384371,3545255425,1931174583,4216818673,3724536008,449457488,1165918524,339546885,2075729580,4026627378,128307032,2511154767,3298290720,4061182998,786665269,2689813622,1250496579,326484470,1848628728,2802613988,3856855021,438462521,3794532907,444950645,2190849649,1538219397
LastModified=1728234676
NaturalSize=744,1052

[/usr/share/plasma/desktoptheme/default/widgets/tasks.svgz]
11798691633984033145=31,17,4,3
11974601889341085182=31,100.999995,4,3
12428135423834223859=16,58,4,4
13096216911406613666=4.9999998,87.999994,25.99999992,13.000000000000014
13169848281308890434=1,37.999999,4,3
1322742914974474896=1,43.0000012,4,3.0000003999999976
1334433338397914329=1,79.999994,4,3
13471027432307756568=5,21.999999000000003,26,3.000001000000001
13592444481172536739=1,100.999994,4,3
13810615930072167063=1,17,4,3
14147192841870966982=155.99999540000002,92.00000024444182,10.999999799999983,10.999999800005142
14546171353732874363=31,79.999995,4,3
1457600409477432948=5,79.999993,26,3
15577700566362890597=5,37.999998,26,3
1597483907632513575=1,25,4,13
1625566043312125064=5,17,26,3
16332685480791659070=1,22,4,3
16509259041654340545=31,1,4,3
16596382859051781300=1,4,4,13
16656437478986988708=2,51,4,4
16997603030122277362=31,63.999994,4,2.999994000000001
17522647423567250200=1,85,4,2.999989999999997
17542045266668790328=1,58.999998,4,3
17866741872309522843=31,21.9999995,4,2.999998999999999
17963897445156773548=31,66.999993,4,13
18039638986519812083=31,45.999997,4,13
2024846192198498909=31,58.999999,4,3
2079701025598770205=31,87.999993,4,13
239011904142523181=30,51,4,4
2392053114035475544=1,87.99999,4,13
2568041118810450562=4.9999998,45.999998,25.99999992,13
2574095352688619313=4.9999998,3.9999999999999996,25.99999992,13
2616872576916277582=4.9999998,24.999999000000003,25.99999992,13
283414488481388920=31,4,4,13
360499118761253838=5,58.999997,26,3
4606008013174209884=1,1,4,3
5501479046669464019=5,63.999998000000005,26,3
5623388692760189360=5,42.999998000000005,26,3
5684545091985102456=5,85,26,3
6056760343831411182=1,45.999998000000005,4,13
6297856829299778735=31,84.999995,4,2.999989999999997
629879289895880361=16,43,4,4
6308209366110125020=31,38,4,3
6841739361788083982=31,42.99999880000001,4,3.0000003999999976
727882158942250617=5,100.999993,26,3
7292661565068345836=4.9999998,66.999994,25.99999992,13
7827895500413776147=1,64.000002,4,2.999994000000001
7872549664909093219=1,66.999994,4,13
7948608482957532662=5,1,26,3
9123142596731719117=31,24.999997999999998,4,13
Invalidelements=1254659713,2656915280,1270065283,2281551875,3513770901,4274895172,1315824534,2272567411,2212128420,3402867135,2400709437,3419379003,3930670968,565538821,729020449,77970332,1268011124,4174023034,3988419014,3635478882,3466807603,1904476356,3159515350,566032546,3988958218,4261832158,1602926457,1440007207,2227374361,2892271486,862493602,4259052153,84505719,3990381394,4045230636,3882729573,3777468315,1231240959,757301333,4078052317,3991719044,2401015458,1811014238,1188798905,1666489477,966446661,2339300862,3615734732,3252261004,562596388,550427483,2147218369,3156802955,4028607753,2130757501,456619552,3708254486,483429286,1308260783,2848295753,2388917505,656765646,2312904467,4243296491,273608721,2154810781,136938851,60309426,415551291,2700104973,2587340528,22655233,2153872078,2522408040,3511405216,1396453376,2416272907,2425878085,1538487554,1906953780,1489535057,1836002374,2467380955,2594511352,2212029802,3781270275,1406252568,677909947,2778132360
LastModified=1728234676
NaturalSize=144,126

[/usr/share/plasma/desktoptheme/default/widgets/tooltip.svgz]
10333926878529446947=20,10,4,4
10591677558173209257=76,54,2,10
10940864855962815847=80,0,2,10
11019039874764694754=151,48,6,6
11778904506248682435=113,16,6,32
12159084112596037639=47,16,16,32
13111763606040657864=20,54,4,1.000000082740371e-08
13665912461778580901=63,16,32,32
13852674125146242289=119,47.9999785,32.00000800000001,6.000021500000003
13975859917006902329=6,16,32,32
14985871415048383358=95,16,16,32
15144871862956986810=38,48,6,6
15183883854308692397=44,30,1.000000082740371e-08,4
15401782928230476747=76,0,2,10
16003914823058760243=0,0,5,5
16743324575242342914=63,0,32,16
16931028168712391074=113,10,6,6
1735411721839711714=6,48,32,6
17607338790190929912=40,30,4,4
17895954313947805338=151,10,6,6
2486568571610202851=0,16,6,32
2972302500717130081=101,33,10,2
4196691597269963560=38,16,6,32
4308591129871932513=0,48,6,6
5009377535468341349=63,48,32,16
513657469722103120=6,10,32,6
5166279905528402898=0,30,9.9999999e-09,4
51906854389461611=47,29,10,2
5301839406087984096=95,48,16,16
5937515493341118565=47,0,16,16
6182847318999763105=95,0,16,16
6348604177525228071=38,10,6,6
6367415540242718033=47,33,10,2
653345795475244128=119,10,31.999989999999997,6.000021
7382198991019957212=47,48,16,16
7820997690807061434=113,48,6,6
7841966328391657619=151,16,6,32
7886497819449627099=101,29,10,2
8389421953491664563=0,10,6,6
8425510669354148781=20,10,4,9.99999905104687e-09
9060375546593313831=20,50,4,4
9321851057388335348=80,54,2,10
9386554552827339181=0,30,4,4
9957222681057236472=119,16,32,32
Invalidelements=3476702934,3212459838,3934504102,4005190144,2576876948,474508233,4083473875,2707433421,3350484677,1936636321,2815802632,130636482,2514150342,3145639666,1474419757
LastModified=1728234676
NaturalSize=157,64

[/usr/share/plasma/desktoptheme/default/widgets/viewitem.svgz]
12355931200404007339=127.999999970142,11.000028081746905,45.99999843089921,5.00000025164195
13473680903109980610=127.99999835589199,62.000001838628805,46.00000051134879,5.000000399871965
13884771026956108505=46.00000085385358,89,46.021998799519196,5
15304396364725599925=173.9999809521609,16.00006545878432,4.999999917600576,45.99999666264239
15336559019624303821=46.000001134563206,139.9999999999999,46.00000051134879,5
15849970421277491691=46,94,46,46
17460659923457938708=41,89,5,5
17948041287277051113=92.00000000000006,89,5,5
18380015933735613333=92,140,5,5
3054281688315263886=92.00000000000006,94.0000013150609,5,46.000016066661374
5403452395944676743=41,140,5,5
6514384965034458126=41,93.99999217607524,5,46.0000200743998
8905984489233615571=128,16,46,46
9280554069914257615=122.99998900407996,16.00000712040037,4.999999828570566,45.99999906752248
9544034034232405614=49.928560000000004,-90.32326999999998,40,40
Invalidelements=1207572084,3720454932,4275317386,2643604456,348917919,4289928975,876401848,2345227063,1091193159,3008159809,2762645320,444927436,2599728088,4018305903,2276027007,2692195008,188506714,3110557533,677428210,562251101,1353725078,1876196287,1739212763,4226620922,125542454,1687451298,3455220586,432080722,4294832333,2704123172,2950393792,3781236075,4097352828,237665026,492141403,3584278255,2550994205,3479747113,1957361557
LastModified=1728234676
NaturalSize=257,161
